-11.2055
-11.1913
-11.2026
-11.1509
-11.1927
-11.2377
-11.3289
-11.2829
-11.2237
-11.1501
-11.1294
-11.0464
-11.0618
-11.0661
-11.1115
-11.1366
-11.1604
-11.1062
-11.1447
-11.0773
-10.9645
-10.9075
-10.9141
-10.9308
-10.9359
-11.062
-11.0049
-11.0299
-10.9856
-10.9073
-10.8289
-10.7621
-10.7928
-10.7838
-10.858
-10.9293
-10.9187
-10.9035
-10.9017
-10.7651
-10.7596
-10.7135
-10.654
-10.695
-10.7747
-10.7992
-10.8222
-10.8345
-10.7304
-10.6624
-10.6745
-10.6409
-10.5966
-10.571
-10.7008
-10.7043
-10.7293
-10.7738
-10.7294
-10.6268
-10.5712
-10.5325
-10.4869
-10.4916
-10.5788
-10.6574
-10.6206
-10.6586
-10.5672
-10.5495
-10.4696
-10.4139
-10.3745
-10.4619
-10.5472
-10.5128
-10.5492
-10.5886
-10.4923
-10.5157
-10.4408
-10.3573
-10.3092
-10.4196
-10.4373
-10.4987
-10.5202
-10.4882
-10.4313
-10.4407
-10.339
-10.3271
-10.2552
-10.3247
-10.3178
-10.4591
-10.4842
-10.4413
-10.39
-10.3044
-10.2805
-10.2386
-10.2594
-10.3478
-10.4097
-10.452
-10.5156
-10.5551
-10.4925
-10.4797
-10.4967
-10.4657
-10.4223
-10.5072
-10.5476
-10.6152
-10.7107
-10.7366
-10.7101
-10.6439
-10.5767
-10.585
-10.5826
-10.5875
-10.6418
-10.783
-10.8145
-10.7826
-10.8003
-10.6939
-10.6704
-10.6836
-10.6383
-10.6165
-10.6817
-10.7976
-10.8303
-10.7883
-10.6909
-10.6233
-10.5415
-10.5131
-10.528
-10.5337
-10.5685
-10.6304
-10.6493
-10.6182
-10.6051
-10.5562
-10.4675
-10.4572
-10.4388
-10.4704
-10.4777
-10.5254
-10.5751
-10.5621
-10.561
-10.4299
-10.3452
-10.307
-10.3632
-10.3325
-10.3836
-10.435
-10.5301
-10.5014
-10.4715
-10.3317
-10.2876
-10.2472
-10.2692
-10.2482
-10.2928
-10.424
-10.417
-10.4389
-10.3348
-10.3317
-10.2086
-10.2201
-10.1987
-10.2436
-10.2822
-10.2975
-10.346
-10.3095
-10.3057
-10.2099
-10.201
-10.1437
-10.0759
-10.133
-10.2196
-10.2262
-10.2447
-10.2202
-10.2554
-10.1356
-10.1111
-10.0436
-10.0633
-10.0586
-10.1093
-10.1967
-10.1736
-10.1686
-10.1201
-10.088
-10.0078
-9.9948
-10.0213
-10.0245
-10.1176
-10.1435
-10.2069
-10.1521
-10.1566
-10.0585
-9.94886
-9.90239
-9.95144
-9.95043
-10.0559
-10.0656
-10.1066
-10.1447
-10.1056
-9.97686
-9.89801
-9.87003
-9.94067
-9.97779
-10.0243
-10.0458
-10.0611
-10.047
-9.9825
-9.96357
-9.89745
-9.83731
-9.89852
-9.88982
-9.92203
-10.0418
-10.0793
-10.0701
-9.98603
-9.93939
-9.86189
-9.83986
-9.84025
-9.83306
-9.87423
-9.92509
-10.0127
-10.0154
-10.0058
-9.89042
-9.88631
-9.80455
-9.76592
-9.82738
-9.85395
-9.95506
-9.95567
-10.0232
-9.9593
-9.85055
-9.84865
-9.81997
-9.7791
-9.79509
-9.84011
-9.96823
-9.98459
-9.94982
-9.92761
-9.83898
-9.80929
-9.74536
-9.73676
-9.83554
-9.86109
-9.91852
-9.9109
-9.91069
-9.9128
-9.80328
-9.72424
-9.73176
-9.74371
-9.7872
-9.84488
-9.85487
-9.89135
-9.89964
-9.92196
-9.82565
-9.76108
-9.71389
-9.6996
-9.79914
-9.83623
-9.83609
-9.8908
-9.94426
-9.86677
-9.80353
-9.73264
-9.75654
-9.73291
-9.74791
-9.85288
-9.85274
-9.87836
-9.8733
-9.82636
-9.82914
-9.76439
-9.66848
-9.6852
-9.72443
-9.83006
-9.88066
-9.86505
-9.87097
-9.84193
-9.75868
-9.74185
-9.70002
-9.74322
