4.05319
4.08747
4.12165
4.15571
4.18964
4.22345
4.25715
4.29078
4.32432
4.35773
4.39099
4.4241
4.4571
4.49001
4.51142
4.52781
4.54414
4.56041
4.57662
4.59276
4.60885
4.62487
4.64083
4.65672
4.67257
4.68837
4.70412
4.71983
4.73548
4.75107
4.76662
4.78211
4.79755
4.81291
4.8282
4.84344
4.85863
4.87377
4.88885
4.90387
4.91882
4.93373
4.94858
4.96338
4.97813
4.99284
5.00374
5.01105
5.01832
5.02557
5.03278
5.03996
5.04711
5.05422
5.06131
5.06838
5.07542
5.08243
5.08942
5.09638
5.10332
5.11023
5.11712
5.12397
5.13079
5.13759
5.14435
5.15109
5.1578
5.16448
5.17112
5.17773
5.18431
5.19086
5.1974
5.20393
5.21043
5.2169
5.22334
5.22973
5.23609
5.24241
5.2487
5.25497
5.26122
5.26744
5.27363
5.27979
5.28592
5.29203
5.29812
5.30419
5.31021
5.31621
5.32217
5.32811
5.33403
5.33993
5.3458
5491.58
5518.75
5553.7
5580.1
5605.87
5630.6
5652.53
5674.8
5693.75
5711.34
5728.29
5739.5
5754.5
5767.41
5777.08
5788.47
5797.32
5807.29
5816.68
5827.7
5833.77
5838.31
5843.6
5849
5851.76
5855.29
5858.27
5861.29
5862.28
5864.48
5865.23
5867.24
5866.61
5866.74
5865.38
5864.99
5863.28
5860.92
5859.58
5856.85
5853.94
5851.19
5848.52
5845.4
5842.23
5838.41
5835.15
5831.55
5827.74
5824.27
5820.62
5817.25
5812.54
5810.07
5806.29
5803.03
5799.92
5796.89
5794.02
5790.25
5787.56
5783.6
5780.39
5777.36
5774.94
5771.86
5768.58
5766.64
5763.21
5760.24
5756.86
5752.54
5749.12
5745.12
5739.86
5735.8
5729.03
5723.53
5718.94
5712.41
5706.95
5698.52
5691.84
5685.86
5679.19
5673.35
5668.35
5661.92
5655.8
5651.65
5646.73
5641.47
5635.73
5631.74
5628.33
5623.77
5621.67
5618.55
5616.18
5613.64
5612.58
5609.81
5607.59
5606.98
5606.06
5604.56
5604.89
5605.59
5605.82
5606.94
5606.68
5607.29
5608.82
5610.25
5612.1
5613.02
5615.17
5616.04
5617.63
5619.71
5623.71
5624.81
5627.52
5630.46
5632.67
5635.45
5638.61
5641.62
5644.97
5649.15
5650.75
5653.39
5656.9
5659.7
5662.94
5665.8
5669.35
5671.86
5676.1
5677.7
5683.17
5687.15
5689.96
5692.4
5694.58
5698.3
5701.6
5704.98
5707.83
5710.41
5712.32
5715.89
5717.91
5720.86
5723.08
5726.12
5727.95
5728.85
5730.02
5732.51
5733.95
5735.47
5736.4
5737.08
5738.39
5739.25
5740.75
5741.37
5740.94
5742.13
5742.7
5742.62
5742.34
5742.32
5742
5742.1
5743.37
5743.02
5743.4
5743.57
5743.46
5743.59
5744.46
5744.69
5744.4
5745.11
-2.73209e+06
-982687
-745397
-799226
-496634
-256705
-156996
-119323
-63689.8
-48825.9
-32006.6
-24481.8
-19024.9
-15410.4
-13382.9
-9619.85
-3464.24
-2918.43
-501.036
-239.09
753.794
924.481
2015.86
1334.08
2951.4
3538.27
3934.04
4156.61
4476.21
4688.38
4948.19
5030.49
5153.13
5241.27
5331.78
5412.6
5430.51
5476.52
5526.95
5561.66
5565.53
5609.72
5636.54
5659.17
5681.52
5696.42
5703.9
