234.187
268.262
302.223
336.073
369.81
403.435
436.948
470.349
503.639
536.817
569.883
602.838
635.682
668.415
701.037
733.548
765.948
798.238
830.418
862.487
894.446
926.294
958.033
989.662
1021.18
1052.59
1083.89
1115.08
1146.16
1177.14
1208
1238.76
1269.4
1299.94
1330.37
1360.69
1390.9
1421
1451
1480.88
1510.66
1540.33
1569.9
1599.35
1628.7
1657.94
1687.07
1716.1
1745.02
1773.83
1802.54
1831.13
1859.62
1888.01
1916.29
1944.46
1972.52
2000.48
2028.33
2056.08
2083.72
2111.25
2138.68
2166
2193.22
2220.33
2247.33
2274.23
2301.02
2327.71
2354.29
2380.77
2407.14
2433.41
2459.57
2485.63
2511.58
2537.43
2563.17
2588.81
2614.34
2639.77
2665.1
2690.32
2715.43
2740.45
2765.35
2790.16
2814.86
2839.45
2863.94
2888.33
2912.61
2936.79
2960.87
2984.84
3008.71
3032.48
3056.14
3079.7
3103.16
3126.51
3149.76
3172.9
3195.94
3218.88
3241.71
3264.44
3287.06
3309.58
3331.99
3354.3
3376.5
3398.6
3420.59
3442.47
3464.25
3485.92
3507.49
3528.95
3550.31
3571.55
3592.7
3613.73
3634.66
3655.48
3676.19
3696.8
3717.3
3737.69
3757.97
3778.15
3798.22
3818.18
3838.04
3857.79
3877.43
3896.96
3916.39
3935.71
3954.93
3974.04
3993.04
4011.94
4030.73
4049.41
4067.99
4086.47
4104.83
4123.1
4141.25
4159.3
4177.25
4195.09
4212.83
4230.46
4247.99
4265.41
4282.73
4299.94
4317.05
4334.05
4350.95
4367.75
4384.44
4401.02
4417.51
4433.89
4450.16
4466.34
4482.41
4498.37
4514.23
4529.99
4545.65
4561.2
4576.65
4591.99
4607.23
4622.37
4637.41
4652.35
4667.18
4681.91
4696.53
4711.06
4725.48
4739.8
4754.01
4768.13
4782.14
4796.05
4809.86
4823.57
4837.17
4850.67
4864.08
4877.38
4890.57
4903.67
4916.66
4929.56
4942.35
4955.04
4967.63
4980.12
4992.5
5004.79
5016.97
5029.06
5041.04
5052.92
5064.7
5076.38
5087.96
5099.44
5110.81
5122.09
5133.27
5144.34
5155.32
5166.19
5176.97
5187.64
5198.22
5208.69
5219.06
5229.34
5239.51
5249.58
5259.56
5269.43
5279.2
5288.88
5298.45
5307.92
5317.3
5326.57
5335.75
5344.82
5353.8
5362.67
5371.45
5380.12
5388.7
5397.18
5405.56
5413.83
5422.01
5430.09
5438.07
5445.95
5453.74
5461.42
5469
5476.49
5483.87
5491.16
5498.35
5505.43
5512.42
5519.31
5526.1
5532.79
5539.39
5545.88
5552.28
5558.57
5564.77
5570.87
5576.87
5582.77
5588.58
5594.28
5599.88
5605.39
5610.8
5616.11
5621.32
5626.43
5631.45
5636.36
5641.18
5645.9
5650.52
5655.04
5659.46
5663.78
5668.01
5672.14
5676.17
5680.1
5683.93
5687.67
5691.3
5694.84
5698.28
5701.62
5704.87
5708.01
5711.06
5714.01
5716.86
5719.61
5722.27
5724.83
5727.28
5729.65
5731.91
5734.07
5736.14
5738.11
5739.98
5741.75
5743.42
5745
5746.48
5747.86
5749.14
5750.32
5751.41
5752.39
5753.28
5754.07
5754.77
5755.36
5755.86
5756.26
5756.56
5756.76
5756.87
5756.87
5756.78
