531.275
566.472
601.575
636.571
671.448
706.189
740.811
775.326
809.761
844.108
878.32
912.375
946.281
980.075
1013.77
1047.39
1080.95
1114.4
1147.73
1180.92
1213.98
1246.92
1279.73
1312.41
1344.97
1377.42
1409.77
1442.04
1474.2
1506.26
1538.2
1570.03
1601.77
1633.38
1664.85
1696.16
1727.36
1758.47
1789.49
1820.38
1851.13
1881.75
1912.27
1942.69
1973
2003.21
2033.33
2063.34
2093.25
2123.04
2152.72
2182.27
2211.69
2240.96
2270.11
2299.14
2328.07
2356.91
2385.63
2414.26
2442.78
2471.2
2499.51
2527.71
2555.78
2583.72
2611.55
2639.27
2666.86
2694.34
2721.7
2748.92
2776
2802.93
2829.78
2856.57
2883.3
2909.93
2936.43
2962.79
2988.99
3015.03
3040.91
3066.68
3092.35
3117.94
3143.43
3168.79
3194.02
3219.14
3244.17
3269.12
3293.95
3318.64
3343.18
3367.6
3391.94
3416.2
3440.36
3464.41
3488.32
3512.09
3535.72
3559.22
3582.57
3605.79
3628.89
3651.89
3674.77
3697.53
3720.18
3742.72
3765.14
3787.45
3809.63
3831.68
3853.6
3875.38
3897.02
3918.54
3939.92
3961.18
3982.31
4003.33
4024.24
4045.03
4065.69
4086.2
4106.56
4126.78
4146.87
4166.83
4186.68
4206.4
4226
4245.48
4264.84
4284.06
4303.15
4322.1
4340.92
4359.6
4378.15
4396.58
4414.88
4433.06
4451.14
4469.12
4487
4504.77
4522.41
4539.91
4557.26
4574.48
4591.56
4608.49
4625.27
4641.91
4658.42
4674.8
4691.06
4707.2
4723.22
4739.11
4754.88
4770.52
4786.02
4801.34
4816.47
4831.4
4846.12
4860.62
4874.89
4888.93
4902.73
4916.3
4929.65
4942.87
4955.98
4968.98
4981.88
4994.67
5007.35
5019.93
5032.39
5044.76
5057
5069.15
5081.18
5093.11
5104.94
5116.65
5128.25
5139.75
5151.14
5162.42
5173.59
5184.65
5195.61
5206.46
5217.2
5227.83
5238.35
5248.77
5259.08
5269.27
5279.36
5289.35
5299.22
5308.98
5318.64
5328.18
5337.62
5346.95
5356.18
5365.29
5374.29
5383.18
5391.97
5400.65
5409.21
5417.67
5426.02
5434.26
5442.39
5450.42
5458.33
5466.13
5473.83
5481.41
5488.89
5496.26
5503.51
5510.66
5517.7
5524.63
5531.46
5538.16
5544.77
5551.26
5557.65
5563.92
5570.09
5576.15
5582.1
5587.94
5593.67
5599.29
5604.8
5610.21
5615.51
5620.7
5625.78
5630.76
5635.62
5640.38
5645.04
5649.58
5654.02
5658.35
5662.58
5666.7
5670.72
5674.63
5678.44
5682.14
5685.74
5689.24
5692.63
5695.93
5699.12
5702.21
5705.2
5708.09
5710.88
5713.57
5716.18
5718.68
5721.08
5723.4
5725.62
5727.75
5729.78
5731.73
5733.59
5735.37
5737.05
5738.66
5740.18
5741.62
5742.98
5744.27
5745.48
5746.61
5747.68
5748.67
5749.6
5750.46
5751.26
5751.99
5752.67
5753.28
5753.85
5754.36
5754.81
5755.23
5755.59
5755.92
5756.2
5756.45
5756.66
5756.83
5756.98
5757.1
5757.2
5757.27
5757.32
5757.35
5757.37
5757.37
5757.36
5757.34
5757.31
5757.27
5757.23
5757.18
5757.14
5757.08
5757.03
5756.98
5756.92
5756.87
5756.78
