369.953
404.625
439.194
473.658
508.016
542.264
576.386
610.366
644.251
678.068
711.784
745.36
778.805
812.122
845.305
878.398
911.421
944.344
977.163
1009.87
1042.46
1074.91
1107.25
1139.48
1171.6
1203.59
1235.44
1267.22
1298.92
1330.52
1361.98
1393.31
1424.57
1455.76
1486.83
1517.72
1548.47
1579.13
1609.73
1640.22
1670.58
1700.8
1730.92
1760.94
1790.84
1820.65
1850.36
1879.96
1909.46
1938.85
1968.14
1997.33
2026.41
2055.35
2084.15
2112.85
2141.44
2169.93
2198.32
2226.61
2254.79
2282.87
2310.84
2338.71
2366.48
2394.15
2421.7
2449.1
2476.39
2503.59
2530.72
2557.75
2584.63
2611.34
2637.92
2664.42
2690.85
2717.2
2743.49
2769.71
2795.8
2821.7
2847.39
2872.97
2898.49
2923.98
2949.37
2974.6
2999.66
3024.61
3049.51
3074.37
3099.14
3123.76
3148.22
3172.53
3196.76
3220.92
3245
3268.98
3292.86
3316.63
3340.27
3363.79
3387.16
3410.42
3433.56
3456.6
3479.53
3502.35
3525.06
3547.67
3570.17
3592.57
3614.86
3637.03
3659.1
3681.05
3702.89
3724.6
3746.18
3767.62
3788.93
3810.15
3831.3
3852.35
3873.29
3894.09
3914.76
3935.29
3955.7
3976
3996.19
4016.26
4036.22
4056.07
4075.81
4095.43
4114.94
4134.34
4153.63
4172.8
4191.84
4210.73
4229.5
4248.14
4266.68
4285.14
4303.52
4321.8
4339.97
4358.04
4375.99
4393.82
4411.52
4429.09
4446.52
4463.82
4481
4498.06
4515.01
4531.85
4548.58
4565.19
4581.7
4598.09
4614.36
4630.53
4646.58
4662.52
4678.35
4694.03
4709.51
4724.78
4739.8
4754.58
4769.13
4783.56
4797.88
4812.09
4826.2
4840.2
4854.1
4867.89
4881.58
4895.17
4908.64
4922.01
4935.28
4948.44
4961.5
4974.45
4987.3
5000.04
5012.67
5025.21
5037.63
5049.95
5062.17
5074.28
5086.28
5098.18
5109.97
5121.66
5133.24
5144.72
5156.09
5167.36
5178.52
5189.58
5200.53
5211.38
5222.11
5232.74
5243.27
5253.69
5264.01
5274.22
5284.32
5294.32
5304.22
5314
5323.68
5333.26
5342.72
5352.08
5361.34
5370.49
5379.53
5388.47
5397.3
5406.02
5414.63
5423.14
5431.54
5439.84
5448.02
5456.1
5464.08
5471.94
5479.7
5487.35
5494.89
5502.33
5509.65
5516.87
5523.98
5530.99
5537.88
5544.67
5551.34
5557.91
5564.37
5570.72
5576.96
5583.1
5589.12
5595.04
5600.84
5606.54
5612.12
5617.6
5622.97
5628.23
5633.38
5638.41
5643.34
5648.16
5652.87
5657.46
5661.95
5666.33
5670.6
5674.75
5678.8
5682.74
5686.57
5690.29
5693.89
5697.39
5700.78
5704.06
5707.23
5710.29
5713.24
5716.09
5718.83
5721.46
5723.98
5726.41
5728.72
5730.93
5733.04
5735.05
5736.95
5738.75
5740.46
5742.07
5743.58
5744.99
5746.31
5747.55
5748.69
5749.74
5750.71
5751.6
5752.41
5753.14
5753.79
5754.38
5754.9
5755.35
5755.75
5756.09
5756.37
5756.61
5756.8
5756.95
5757.06
5757.14
5757.2
5757.23
5757.24
5757.23
5757.2
5757.17
5757.13
5757.08
5757.03
5756.98
5756.92
5756.87
5756.78
