341.871
340.744
339.619
338.495
337.372
336.25
335.13
334.012
332.895
331.779
330.664
329.551
328.439
327.328
326.219
325.111
324.004
322.898
321.794
320.691
319.589
318.489
317.389
316.291
315.194
314.098
313.003
311.909
310.817
309.725
308.635
307.546
306.458
305.371
304.285
303.2
302.116
301.033
299.951
298.871
297.791
296.712
295.634
294.557
293.482
292.407
291.333
290.26
289.188
288.117
287.047
285.978
284.909
283.842
282.776
281.71
280.645
279.582
278.519
277.457
276.395
275.335
274.275
273.216
272.159
271.101
270.045
268.989
267.934
266.88
265.827
264.775
263.723
262.672
261.622
260.572
259.524
258.476
257.428
256.382
255.336
254.291
253.246
252.202
251.159
250.117
249.075
248.034
246.994
245.954
244.915
243.876
242.838
241.801
240.764
239.728
238.693
237.658
236.624
235.59
234.557
233.522
232.485
231.446
230.406
229.363
228.319
227.273
226.226
225.177
224.126
223.074
222.02
220.965
219.909
218.851
217.791
216.731
215.669
214.606
213.542
212.477
211.411
210.343
209.275
208.206
207.135
206.064
204.992
203.919
202.845
201.771
200.698
199.626
198.555
197.485
196.417
195.349
194.283
193.217
192.153
191.09
190.028
188.967
187.907
186.849
185.791
184.734
183.678
182.623
181.57
180.517
179.465
178.414
177.364
176.315
175.267
174.22
173.173
172.128
171.084
170.04
168.997
167.956
166.915
165.875
164.835
163.797
162.759
161.723
160.687
159.652
158.617
157.584
156.551
155.519
154.488
153.457
152.427
151.398
150.37
149.342
148.316
147.289
146.264
145.239
144.215
143.192
142.169
141.147
140.125
139.105
138.084
137.065
136.046
135.028
134.01
132.993
131.977
130.961
129.946
128.931
127.917
126.904
125.891
124.878
123.866
122.855
121.844
120.834
119.824
118.815
117.806
116.798
115.79
114.783
113.777
112.77
111.765
110.759
109.755
108.75
107.746
106.743
105.74
104.738
103.735
102.734
101.733
100.732
99.7315
98.7315
97.732
96.7328
95.7341
94.7357
93.7378
92.7402
91.743
90.7462
89.7497
88.7536
87.7578
86.7624
85.7674
84.7726
83.7782
82.7842
81.7904
80.797
79.8039
78.8111
77.8187
76.8265
75.8346
74.843
73.8518
72.8608
71.87
70.8796
69.8895
68.8996
67.9099
66.9206
65.9315
64.9426
63.954
62.9657
61.9775
60.9897
60.002
59.0146
58.0274
57.0404
56.0537
55.0672
54.0808
53.0947
52.1088
51.123
50.1375
49.1522
48.167
47.182
46.1972
45.2126
44.2281
43.244
42.2603
41.277
40.2939
39.3112
38.3287
37.3465
36.3645
35.3827
34.4012
33.4197
32.4382
31.4568
30.4754
29.4941
28.5128
27.5316
26.5504
25.5692
24.5881
23.607
22.6259
21.6449
20.6639
19.6829
18.7019
17.7209
16.7399
15.7589
14.778
13.797
12.816
11.8351
10.8542
9.87332
8.89248
7.91167
6.93089
5.95013
4.9694
3.98869
3.008
2.02732
1.04664
0.0659776
-0.914687
