-10.466796
-12.669399
-12.959322
-8.446132
-8.940609
-16.816881
-16.799158
-14.968111
-8.546097
-9.440083
-8.084877
-9.012746
-8.784287
-9.136938
-12.337055
-8.245417
-16.037968
-15.394967
-14.335020
-14.807018
-8.340256
-10.002130
-16.879152
-14.615476
-16.480156
-14.993428
-9.035786
-11.316881
-9.246912
-13.027489
-9.033138
-11.258245
-16.032436
-10.314634
-7.153579
-6.815549
-10.765430
-12.874998
-15.681168
-14.707389
-13.624553
-16.565777
-10.551463
-10.016280
-12.694892
-6.445703
-16.328270
-7.422729
-7.046130
-8.852161
-14.320354
-12.527998
-10.293909
-14.459570
-12.674633
-14.325979
-12.488500
-13.909901
-12.928465
-8.614114
-14.313145
-14.968581
-11.990329
-15.696259
-7.770176
-14.463959
-8.319836
-14.980929
-13.080038
-14.940554
-14.476681
-6.683769
-6.548123
-15.923069
-11.558764
-7.763316
-9.166098
-7.453620
-14.713194
-10.066474
-13.001683
-7.452104
-10.905413
-10.337415
-5.920087
-14.477707
-15.555407
-8.598289
-13.915935
-11.528004
-10.342516
-6.105788
-7.549973
-12.855378
-12.053926
-7.274085
-12.071978
-7.468074
-13.871905
-11.989573
-14.642438
-7.394613
-11.362473
-5.847981
-14.576172
-11.211891
-13.630816
-10.876045
-11.850581
-7.191372
-8.018269
-14.051760
-10.672055
-15.575475
-6.303464
-12.680952
-6.550591
-12.535472
-6.292136
-9.776660
-11.394831
-5.639462
-9.726586
-13.494612
-6.820537
-14.278256
-11.201403
-10.832181
-13.297749
-11.569865
-12.163258
-11.492923
-13.376305
-10.266342
-10.062702
-11.344882
-8.611483
-6.022445
-12.525903
-7.472259
-10.667902
-13.781441
-8.366383
-10.169683
-13.304013
-5.773590
-11.546825
-7.398499
-5.421200
-9.041409
-9.019157
-9.330721
-14.288946
-10.039561
-6.974405
-8.862028
-14.831453
-9.089532
-10.860603
-10.852493
-7.334171
-6.881625
-7.377092
-10.957272
-6.436422
-7.469668
-11.288589
-12.411890
-10.321487
-14.619341
-12.590016
-5.552095
-5.323996
-14.674711
-9.992828
-12.801552
-13.072478
-7.205560
-12.296235
-8.132284
-8.479819
-9.371863
-9.394936
-8.595150
-13.501282
-8.464331
-7.309951
-10.468957
-9.983661
-11.689280
-8.333877
-13.229851
-9.829983
-9.304695
-8.063402
-13.715802
-6.802294
-14.668661
-12.367900
-12.232847
-10.993512
-6.895835
-14.196867
-7.738700
-9.082680
-13.637037
-5.800705
-12.917334
-6.855965
-11.678999
-6.590348
-10.838652
-12.777001
-8.455467
-6.438518
-7.297696
-8.689903
-11.002481
-14.143110
-5.548856
-6.518003
-9.885429
-12.876569
-11.207399
-14.794739
-11.036475
-10.278293
-11.836329
-5.563991
-5.366283
-8.569559
-10.575979
-8.214201
-9.897221
-8.599403
-13.088887
-12.967953
-10.588512
-12.062866
-11.244043
-12.396528
-13.785022
-11.525192
-13.776423
-13.393728
-5.012372
-6.212470
-7.620397
-10.984764
-7.015673
-9.111879
-10.554092
-11.070779
-4.935328
-14.652850
-13.921341
-9.159737
-7.659880
-14.622299
-13.923553
-9.572622
-7.530870
-13.036798
-12.557111
-5.069109
-12.665458
-6.117404
-9.167800
-12.175163
-6.777806
-11.801579
-10.222239
-4.946444
-13.841714
-7.276986
-5.302051
-12.261745
-6.696849
-10.509079
-9.234682
-9.235283
-9.140849
-8.213377
-8.388557
-6.975936
-13.750633
-6.495831
-6.418332
-7.528138
-11.688823
-12.046951
-7.053250
-12.053869
-6.318423
-13.418072
-5.947860
-6.103636
-13.697273
-8.539846
-14.265200
-7.569990
-13.804379
-9.913748
-10.870699
-13.138145
-14.402857
-7.251164
-8.681631
-10.609732
-14.048873
-9.249737
-6.259911
-11.922759
-12.381818
-13.885752
-13.159397
-8.665463
-14.703876
-12.969484
-7.303682
-7.200222
-8.720400
-13.751900
-6.962363
-14.466070
-14.265975
-7.718709
