4513.601074
4547.230469
4620.388184
4453.644531
4573.767090
4478.652344
4667.293945
4592.129395
4632.133789
4643.445801
4633.080566
4582.845703
4628.100586
4639.271973
4664.398438
4654.196777
4529.772461
4601.318359
4602.464844
4625.586914
4661.651367
4681.666992
4655.362305
4625.578613
4505.789551
4502.035645
4553.579102
4549.375488
4485.223633
4610.462891
4642.306641
4652.087402
4527.676758
4555.084473
4670.377441
4594.333008
4635.934082
4640.671875
4501.867676
4595.001465
4661.031250
4665.550293
4645.227539
4501.466797
4541.600098
4543.411133
4554.051758
4649.299316
4652.949707
4665.623047
4658.778320
4538.556641
4621.995605
4594.297852
4641.333984
4591.492676
4571.640137
4566.537598
4632.841797
4547.233398
4559.422852
4613.834473
4601.127441
4559.136230
4626.560059
4628.896484
4619.130859
4612.305176
4614.498047
4627.507812
4668.041504
4610.617188
4619.459473
4627.652344
4579.050781
4650.591309
4655.499512
4664.512695
4632.960449
4629.544922
4629.332031
4623.226562
4665.728027
4666.338867
4669.167969
4645.154297
4650.558594
4640.307129
4654.767578
4625.369629
4617.003906
4633.569824
4649.115234
4648.972168
4635.304199
4656.549316
4660.719727
4665.860352
4667.749023
4679.817871
4682.397949
4664.815918
4678.082031
4651.492676
4649.997559
4656.978516
4662.457031
4657.499023
4660.276855
4659.781250
4662.132812
4654.664551
4671.778809
4667.627930
4669.302734
4670.979980
4670.560059
4670.354980
4669.675781
4672.591797
4672.334473
4671.501953
4677.141602
4677.144531
4670.551758
4672.909668
4666.659180
4660.961426
4672.370605
4672.562988
4671.283203
4672.053223
4674.192383
4676.093262
4677.454102
4678.144043
4675.365723
4675.506348
4676.530762
4680.175781
4677.433594
4675.252930
4674.839844
4675.589844
4671.832031
4676.850098
4679.062500
4676.628418
4679.819336
4681.839355
4678.455078
4676.066895
4679.993652
4682.360840
4681.874512
4679.142090
4681.174805
4684.207520
4681.329102
4678.035645
4678.326660
4680.704590
4682.162109
4683.128906
4679.471191
4679.322754
4678.552734
4676.349609
4676.324219
4676.344238
4674.553223
4673.263672
4672.137207
4673.695312
4672.166016
4672.177246
4674.423828
4674.354492
4674.472656
4673.801270
4674.918945
4672.904297
4672.092773
4671.519531
4671.826172
4669.876953
4669.195312
4668.402344
4669.428711
4670.842773
4670.639160
4670.787598
4670.924805
4669.258301
4668.863770
4667.766602
4666.930664
4665.874512
4666.470215
4666.511719
4666.240234
4667.079102
4667.364258
4668.318848
4667.497559
4666.709473
4666.539551
4665.695801
4666.157227
4666.298828
4665.843750
4666.434570
4666.408691
4666.483398
4667.045898
4666.735352
4667.250977
4667.496582
4667.424805
4667.205566
4667.303711
4667.072266
4666.652832
4666.620605
4666.929199
4666.601562
4666.387695
4666.047852
4665.990234
4665.801270
4665.605957
4665.678711
4665.606445
4665.494629
4665.401367
4665.346191
4665.284180
