234.187149
268.261597
302.221741
336.066040
369.792938
403.401001
436.888733
470.254730
503.497589
536.619202
569.618225
602.496460
635.252625
667.888489
700.402710
732.797119
765.070435
797.224365
829.257690
861.172119
892.966370
924.642151
956.198242
987.636292
1018.955078
1050.156250
1081.238647
1112.203735
1143.050537
1173.777832
1204.387207
1234.880127
1265.255615
1295.512451
1325.652222
1355.676392
1385.583862
1415.373535
1445.046875
1474.602905
1504.043091
1533.368652
1562.578735
1591.672241
1620.650635
1649.515137
1678.264893
1706.898926
1735.418457
1763.824951
1792.117310
1820.294678
1848.358276
1876.309448
1904.147217
1931.870728
1959.481201
1986.979736
2014.365601
2041.637817
2068.797607
2095.846191
2122.782715
2149.606201
2176.317871
2202.918945
2229.408447
2255.785645
2282.051758
2308.207520
2334.252441
2360.185791
2386.008301
2411.721191
2437.323730
2462.815186
2488.196533
2513.468994
2538.631592
2563.683594
2588.625977
2613.459717
2638.184326
2662.800537
2687.307617
2711.705078
2735.993652
2760.174316
2784.246582
2808.209473
2832.064209
2855.811523
2879.450684
2902.982666
2926.406738
2949.722168
2972.930176
2996.031250
3019.024902
3041.911865
3064.691650
3087.363770
3109.928955
3132.387939
3154.739990
3176.986084
3199.125488
3221.157959
3243.083984
3264.904297
3286.618408
3308.227051
3329.729736
3351.127197
3372.418701
3393.604004
3414.683594
3435.658203
3456.527344
3477.291748
3497.950928
3518.505371
3538.954834
3559.299805
3579.539795
3599.674561
3619.704590
3639.630371
3659.451660
3679.168945
3698.781738
3718.290771
3737.695557
3756.996582
3776.193604
3795.286865
3814.276367
3833.162354
3851.944580
3870.623535
3889.198730
3907.670898
3926.039551
3944.305176
3962.467285
3980.525635
3998.480957
4016.333496
4034.082764
4051.729492
4069.273193
4086.714355
4104.052734
4121.288574
4138.421875
4155.453125
4172.381836
4189.208008
4205.931641
4222.553223
4239.072754
4255.490234
4271.805664
4288.019043
4304.130371
4320.140137
4336.047852
4351.854004
4367.558105
4383.160645
4398.661621
4414.061035
4429.358887
4444.555176
4459.649902
4474.643555
4489.535645
4504.326660
4519.016602
4533.605469
4548.092773
4562.479492
4576.765137
4590.949707
4605.033203
4619.016113
4632.897949
4646.679199
4660.359375
4673.938965
4687.417969
4700.796387
4714.074219
4727.251465
4740.328125
4753.304199
4766.179688
4778.955078
4791.629883
4804.204590
4816.679199
4829.053711
4841.328125
4853.502441
4865.577148
4877.551758
4889.426270
4901.201172
4912.876465
4924.451660
4935.927246
4947.303223
4958.579590
4969.755859
4980.832520
4991.809570
5002.687500
5013.465820
5024.144531
5034.724121
5045.204102
5055.584961
5065.866211
5076.048340
5086.131348
5096.115234
5106.000000
5115.785645
5125.472168
5135.059570
5144.548340
5153.937988
5163.228516
5172.420410
5181.513184
5190.507324
5199.402344
5208.198730
5216.896484
5225.495605
5233.996094
5242.397949
5250.701172
5258.905762
5267.011719
5275.019043
5282.927734
5290.738281
5298.450195
5306.063477
5313.578125
5320.994629
5328.312500
5335.531738
5342.652832
5349.675293
5356.599121
5363.424805
5370.151855
5376.780762
5383.311035
5389.743164
5396.076660
5402.312012
5408.448730
5414.487305
5420.427734
5426.269531
5432.013184
5437.658691
5443.205566
5448.654297
5454.004883
5459.256836
5464.410645
5469.466309
5474.423828
5479.283203
5484.043945
5488.706543
5493.270996
5497.737305
5502.105469
5506.375488
5510.546875
5514.620117
5518.595215
5522.472168
5526.250977
5529.931641
5533.514160
5536.998535
5540.384766
5543.672852
5546.862793
5549.954590
5552.948242
5555.843750
5558.641113
5561.340332
5563.941406
5566.444336
5568.849121
5571.155762
5573.364258
5575.475098
5577.487793
5579.402344
5581.218750
5582.937012
5584.557129
5586.079102
5587.502930
5588.828613
5590.056641
5591.186523
5592.218262
5593.151855
5593.987305
5594.724609
5595.363770
5595.905273
5596.348633
5596.693848
5596.940918
5597.089844
5597.140625
5597.093750
