0.000000
0.081988
0.000000
0.082522
0.000000
0.083047
0.000000
0.083563
0.000000
0.084070
0.000000
0.084569
0.000000
0.085060
0.000000
0.085544
0.000000
0.086020
0.000000
0.086489
0.000000
0.086951
0.000000
0.087406
0.000000
0.087855
0.000000
0.088298
0.000000
0.088734
0.000000
0.089165
0.000000
0.089590
0.000000
0.090010
0.000000
0.090424
0.000000
0.090833
0.000000
0.091238
0.000000
0.091637
0.000000
0.092032
0.000000
0.092423
0.000000
0.092809
0.000000
0.093191
0.000000
0.093569
0.000000
0.093943
0.000000
0.094313
0.000000
0.094679
0.000000
0.095042
0.000000
0.095401
0.000000
0.095757
0.000000
0.096110
0.000000
0.096459
0.000000
0.096805
0.000000
0.097148
0.000000
0.097488
0.000000
0.097825
0.000000
0.098160
0.000000
0.098492
0.000000
0.098821
0.000000
0.099147
0.000000
0.099472
0.000000
0.099793
0.000000
0.100000
0.000000
0.100000
0.000000
0.100000
0.000000
0.100000
0.000000
0.100000
0.000000
0.100000
0.000000
0.100000
0.000000
0.100000
0.000000
0.100000
0.000000
0.100000
0.000000
0.100000
0.000000
0.100000
0.000000
0.100000
0.200000
0.100000
0.000000
0.100000
0.200000
0.100000
0.000000
0.100000
0.200000
0.100000
0.000000
0.100000
0.000000
0.100000
0.000000
0.100000
0.200000
0.100000
0.200000
0.100000
0.000000
0.100000
0.000000
0.100000
0.200000
0.100000
0.000000
0.100000
0.200000
0.100000
0.200000
0.100000
0.000000
0.100000
0.000000
0.100000
0.200000
0.100000
0.000000
0.100000
0.200000
0.100000
0.000000
0.100000
0.200000
0.100000
0.000000
0.100000
0.000000
0.100000
0.000000
0.100000
0.000000
0.100000
0.000000
0.100000
0.000000
0.100000
0.000000
0.100000
0.000000
0.100000
0.000000
0.100000
0.000000
0.100000
0.000000
0.100000
0.000000
0.000000
0.100000
0.000000
0.000000
0.000000
0.000000
0.000000
0.000000
0.000000
0.000000
0.000000
0.000000
0.000000
0.000000
0.000000
0.000000
0.000000
0.000000
0.000000
0.000000
0.000000
0.000000
0.000000
0.000000
0.000000
0.000000
0.000000
0.000000
0.000000
0.000000
0.000000
0.000000
0.000000
0.000000
0.000000
0.000000
0.000000
0.000000
0.000000
0.000000
0.000000
0.000000
0.000000
0.000000
0.000000
0.000000
0.000000
0.000000
