0.000000
0.081988
0.164261
0.246848
0.329776
0.413072
0.496761
0.412655
0.497140
0.412253
0.497508
0.411864
0.497863
0.411487
0.498208
0.411122
0.498542
0.586316
0.498170
0.586659
0.497809
0.586991
0.497460
0.587313
0.497122
0.587625
0.496793
0.587929
0.496475
0.588224
0.496165
0.588511
0.495863
0.588791
0.495570
0.589063
0.495284
0.589329
0.495006
0.589588
0.494734
0.589842
0.494469
0.590090
0.494211
0.590331
0.493958
0.590568
0.493710
0.590801
0.493468
0.591028
0.493231
0.591250
0.493000
0.591469
0.492772
0.591683
0.492549
0.591893
0.492331
0.592100
0.492116
0.592116
0.492116
0.592116
0.692116
0.592116
0.692116
0.592116
0.492116
0.592116
0.692116
0.592116
0.692116
0.592116
0.692116
0.592116
0.692116
0.592116
0.692116
0.592116
0.492116
0.592116
0.692116
0.592116
0.692116
0.592116
0.692116
0.592116
0.492116
0.592116
0.692116
0.592116
0.692116
0.592116
0.492116
0.592116
0.692116
0.592116
0.692116
0.592116
0.492116
0.592116
0.692116
0.592116
0.692116
0.592116
0.492116
0.592116
0.492116
0.592116
0.692116
0.592116
0.492116
0.592116
0.692116
0.592116
0.492116
0.592116
0.492116
0.592116
0.692116
0.592116
0.492116
0.592116
0.492116
0.592116
0.492116
0.592116
0.492116
0.592116
0.492116
0.592116
0.492116
0.592116
0.492116
0.592116
0.692116
0.592116
0.492116
0.592116
0.492116
0.592116
0.492116
0.592116
0.492116
0.392116
0.492116
0.392116
0.492116
0.392116
0.292116
0.392116
0.292116
0.192116
0.292116
0.392116
0.292116
0.192116
0.092116
0.000000
0.000000
0.000000
0.000000
0.000000
0.000000
0.000000
0.000000
0.000000
0.000000
0.000000
0.000000
0.000000
0.000000
0.000000
0.000000
0.000000
0.000000
0.000000
0.000000
0.000000
0.000000
0.000000
0.000000
0.000000
0.000000
0.000000
0.000000
0.000000
0.000000
0.000000
