0.000000
0.081988
0.164261
0.246848
0.329776
0.413072
0.496761
0.412655
0.497140
0.412253
0.497508
0.411864
0.497863
0.445261
0.477277
0.496671
0.508364
0.501349
0.505538
0.509744
0.505522
0.509759
0.514013
0.518282
0.513997
0.518297
0.522611
0.518282
0.522625
0.526983
0.531355
0.526969
0.531369
0.535782
0.540209
0.535769
0.540222
0.544688
0.540209
0.544701
0.549206
0.553723
0.549193
0.553735
0.558289
0.553723
0.558300
0.562890
0.558289
0.562901
0.567525
0.572159
0.567513
0.572170
0.576838
0.572160
0.576849
0.581549
0.576838
0.581559
0.586291
0.581549
0.586301
0.583925
0.585113
0.586301
0.587489
0.588677
0.589865
0.591053
0.592241
0.593786
0.595793
0.598404
0.601797
0.606208
0.611943
0.604488
0.614179
0.604488
0.614179
0.604488
0.614179
0.609333
0.611756
0.612968
0.613573
0.614179
0.614785
0.614179
0.614785
0.615391
0.615996
0.616784
0.617807
0.619138
0.620868
0.623117
0.626041
0.629841
0.634782
0.628359
0.636709
0.628359
0.636709
0.628359
0.636709
0.632534
0.630447
0.631490
0.630969
0.631229
0.631099
0.631034
0.631066
0.631050
0.631034
0.631017
0.631001
0.630985
0.630968
0.630947
0.630920
0.630884
0.630837
0.630777
0.630698
0.630596
0.630463
0.630290
0.630065
0.629772
0.629393
0.628899
0.628256
0.627422
0.626336
0.624926
0.623092
0.620707
0.617608
0.613578
0.608340
0.601530
0.592678
0.581169
0.566209
0.546759
0.521475
0.488606
0.445877
0.390328
0.318115
0.224237
0.124237
0.024237
0.000000
0.000000
0.000000
0.000000
0.000000
0.000000
0.000000
0.000000
0.000000
0.000000
0.000000
0.000000
0.000000
0.000000
0.000000
0.000000
0.000000
0.000000
0.000000
0.000000
0.000000
0.000000
0.000000
0.000000
0.000000
0.000000
0.000000
0.000000
0.000000
0.000000
0.000000
0.000000
0.000000
0.000000
0.000000
0.000000
