0.000000
0.081988
0.000000
0.082522
0.029729
0.063385
0.041999
0.028455
0.037004
0.045579
0.040201
0.034807
0.040217
0.045641
0.040201
0.045657
0.040186
0.045672
0.042317
0.038953
0.040997
0.043047
0.041809
0.042555
0.043303
0.042553
0.043304
0.044058
0.044813
0.044056
0.044815
0.044054
0.044817
0.045581
0.044815
0.045583
0.046353
0.047125
0.046351
0.047126
0.046350
0.047128
0.047908
0.047126
0.047910
0.047467
0.047717
0.047577
0.047655
0.047699
0.047743
0.047787
0.047831
0.047875
0.047920
0.047979
0.048060
0.048169
0.048316
0.048513
0.048778
0.049133
0.049610
0.050248
0.051102
0.052244
0.053767
0.055799
0.058505
0.054904
0.059690
0.054895
0.059699
0.054887
0.059707
0.057197
0.055892
0.056568
0.056917
0.057267
0.056917
0.057268
0.056916
0.057268
0.056915
0.057094
0.057004
0.057050
0.057073
0.057084
0.057096
0.057107
0.057119
0.057131
0.057146
0.057165
0.057191
0.057224
0.057267
0.057323
0.057395
0.057490
0.057613
0.057773
0.057980
0.058250
0.058601
0.059058
0.059651
0.060422
0.061424
0.062728
0.064422
0.066624
0.069487
0.065765
0.070604
0.065765
0.070604
0.075443
0.070604
0.065765
0.070604
0.068185
0.065765
0.063346
0.065765
0.068185
0.070604
0.068185
0.065765
0.063346
0.060201
0.063346
0.066491
0.063346
0.066491
0.063346
0.066491
0.063346
0.060201
0.061773
0.060987
0.061380
0.061184
0.061085
0.060987
0.061085
0.061184
0.061085
0.060987
0.060889
0.060790
0.060663
0.060497
0.060281
0.060000
0.059635
0.059161
0.058544
0.057742
0.056700
0.055345
0.053583
0.051293
0.048317
0.044447
0.039416
0.032876
0.024373
0.013321
0.000000
0.018679
0.000000
0.024283
0.000000
0.000000
0.000000
0.000000
0.000000
0.000000
0.000000
0.000000
0.000000
0.000000
0.000000
0.000000
0.000000
0.000000
0.000000
0.000000
0.000000
0.000000
0.000000
0.000000
0.000000
0.000000
0.000000
0.000000
0.000000
0.000000
0.000000
0.000000
0.000000
0.000000
0.000000
0.000000
0.000000
0.000000
0.000000
0.000000
0.000000
0.000000
0.000000
0.000000
0.000000
0.000000
0.000000
0.000000
0.000000
0.000000
0.000000
0.000000
0.000000
0.000000
0.000000
0.000000
0.000000
0.000000
0.000000
0.000000
0.000000
0.000000
