0.000000
0.075193
0.150453
0.225780
0.301176
0.376642
0.452180
0.527791
0.452106
0.527865
0.452031
0.527939
0.451955
0.528015
0.451878
0.528091
0.604381
0.528012
0.604460
0.527932
0.451325
0.528011
0.604777
0.527929
0.604858
0.527847
0.604940
0.527763
0.450503
0.527846
0.605273
0.527760
0.450163
0.527845
0.450077
0.527931
0.449990
0.528017
0.606133
0.527927
0.606222
0.527837
0.606313
0.527745
0.449085
0.527836
0.606680
0.527742
0.606774
0.527646
0.448423
0.527741
0.607155
0.527643
0.448033
0.527741
0.607547
0.527640
0.607648
0.527538
0.607750
0.527434
0.447016
0.527537
0.608164
0.527431
0.446592
0.527537
0.446484
0.527645
0.446375
0.527754
0.446264
0.527865
0.446151
0.527977
0.609917
0.527861
0.610033
0.527743
0.445336
0.527861
0.610506
0.527740
0.610628
0.527617
0.444482
0.527740
0.611123
0.527613
0.611250
0.527484
0.611380
0.527352
0.443193
0.527484
0.611908
0.527348
0.612044
0.527210
0.442238
0.527348
0.442097
0.527490
0.441954
0.527633
0.441809
0.527779
0.441661
0.527927
0.441510
0.528079
0.614801
0.527923
0.440889
0.528080
0.440729
0.528239
0.440567
0.528401
0.440402
0.528567
0.440233
0.528736
0.617410
0.528562
0.617585
0.528384
0.439005
0.528563
0.438823
0.528746
0.618853
0.528557
0.438072
0.528748
0.437879
0.528942
0.437682
0.529140
0.437481
0.529343
0.437275
0.529550
0.437065
0.529761
0.436851
0.529978
0.436631
0.530198
0.436407
0.530424
0.436178
0.530656
0.435944
0.530892
0.435704
0.531134
0.435458
0.531382
0.627557
0.531126
0.434439
0.337491
0.434700
0.337224
0.434968
0.532986
0.434691
0.533264
0.434405
0.533550
0.434114
0.334383
0.434383
0.334383
0.434383
0.534383
0.434383
0.534383
0.434383
0.534383
0.434383
0.334383
0.434383
0.534383
0.434383
0.534383
0.634383
0.534383
0.434383
0.334383
0.434383
0.334383
0.434383
0.334383
0.434383
0.334383
0.434383
0.334383
0.434383
0.334383
0.234383
0.334383
0.434383
0.334383
0.434383
0.334383
0.434383
0.334383
0.234383
0.334383
0.234383
0.134383
0.234383
0.334383
0.234383
0.134383
0.234383
0.334383
0.434383
0.334383
0.434383
0.334383
0.234383
0.134383
0.034383
0.134383
0.034383
0.134383
0.034383
0.134383
0.034383
0.134383
0.234383
0.134383
0.234383
0.134383
0.034383
0.000000
0.000000
0.000000
0.000000
0.100000
0.000000
0.000000
0.000000
0.000000
0.000000
0.100000
0.000000
0.000000
0.000000
0.000000
0.000000
0.000000
0.000000
0.000000
0.000000
0.000000
0.000000
0.000000
0.000000
0.000000
0.000000
0.000000
0.000000
0.000000
0.000000
0.000000
0.000000
0.000000
0.000000
0.000000
0.000000
0.000000
0.000000
0.000000
0.000000
0.000000
0.000000
0.000000
0.000000
0.000000
0.000000
0.000000
0.000000
0.000000
0.000000
0.000000
0.000000
0.000000
0.000000
0.000000
0.000000
0.000000
0.000000
0.000000
0.000000
0.000000
0.000000
0.000000
0.000000
0.000000
0.000000
0.000000
0.000000
0.000000
0.000000
0.000000
0.000000
0.000000
0.000000
0.000000
0.000000
0.000000
0.000000
0.000000
0.000000
0.000000
0.000000
0.000000
0.000000
0.000000
0.000000
0.000000
0.000000
