0.000000
0.000000
0.075321
0.000000
0.075554
0.000000
0.000000
0.075858
0.000000
0.076089
0.000000
0.076313
0.000000
0.076535
0.000000
0.000000
0.076832
0.000000
0.077048
0.000000
0.077271
0.000000
0.077493
0.000000
0.077705
0.000000
0.000000
0.077978
0.000000
0.000000
0.000000
0.078326
0.000000
0.078537
0.000000
0.078736
0.000000
0.078930
0.000000
0.079124
0.000000
0.079329
0.000000
0.079528
0.000000
0.000000
0.000000
0.079854
0.000000
0.080054
0.000000
0.080250
0.000000
0.080444
0.000000
0.080632
0.000000
0.000000
0.000000
0.080963
0.162033
0.080790
0.000000
0.081439
0.000000
0.081625
0.163356
0.081470
0.000000
0.082072
0.000000
0.082250
0.000000
0.000000
0.082502
0.000000
0.082674
0.000000
0.082859
0.000000
0.000000
0.000000
0.000000
0.000000
0.000000
0.000000
0.083435
0.166973
0.083290
0.000000
0.083873
0.000000
0.000000
0.084132
0.168359
0.083997
0.168460
0.083842
0.168555
0.083690
0.000000
0.000000
0.085125
0.000000
0.085328
0.170763
0.085180
0.170861
0.085016
0.000000
0.000000
0.086119
0.172347
0.085969
0.172455
0.085811
0.000000
0.000000
0.000000
0.087005
0.174122
0.086862
0.174229
0.086709
0.000000
0.000000
0.087809
0.000000
0.088002
0.000000
0.088236
0.000000
0.088454
0.000000
0.088649
0.177410
0.088468
0.000000
0.000000
0.000000
0.000000
0.089379
0.000000
0.089588
0.179294
0.089430
0.179417
0.089267
0.000000
0.090395
0.180911
0.090215
0.000000
0.090954
0.182050
0.090778
0.000000
0.000000
0.091631
0.000000
0.091869
0.000000
0.092121
0.000000
0.092388
0.184923
0.092215
0.185074
0.092018
0.000000
0.093305
0.186744
0.093107
0.186884
0.092927
0.000000
0.094239
0.188629
0.094033
0.188783
0.093825
0.000000
0.000000
0.000000
0.000000
0.000000
0.095642
0.191440
0.095413
0.191584
0.095204
0.191754
0.094990
0.191925
0.094796
0.192086
0.094562
0.192253
0.094336
0.192403
0.094121
0.000000
0.098599
0.197372
0.098347
0.197530
0.098122
0.197694
0.097891
0.197854
0.097854
0.197854
0.097854
0.197854
0.097854
0.197854
0.097854
0.197854
0.097854
0.197854
0.097854
0.197854
0.097854
0.197854
0.097854
0.197854
0.097854
0.197854
0.097854
0.000000
0.100000
0.000000
0.100000
0.200000
0.100000
0.200000
0.100000
0.200000
0.100000
0.200000
0.300000
0.200000
0.300000
0.200000
0.100000
0.200000
0.100000
0.200000
0.100000
0.200000
0.100000
0.200000
0.100000
0.000000
0.100000
0.200000
0.100000
0.000000
0.100000
0.000000
0.100000
0.200000
0.300000
0.200000
0.300000
0.200000
0.100000
0.200000
0.100000
0.200000
0.300000
0.200000
0.100000
0.200000
0.100000
0.200000
0.300000
0.200000
0.300000
0.200000
0.100000
0.200000
0.300000
0.200000
0.100000
0.200000
0.100000
0.200000
0.100000
0.200000
0.300000
0.200000
0.300000
0.200000
0.100000
0.200000
0.100000
0.000000
0.100000
0.200000
0.300000
0.200000
0.300000
0.200000
0.100000
0.200000
0.300000
0.400000
0.300000
0.200000
0.100000
0.200000
0.100000
0.000000
0.100000
0.200000
0.100000
0.200000
0.100000
0.200000
0.300000
0.200000
0.100000
0.200000
0.300000
0.400000
0.300000
0.200000
0.100000
0.200000
0.300000
0.400000
0.300000
0.200000
0.300000
0.200000
0.100000
0.000000
0.100000
0.000000
0.100000
0.200000
0.300000
0.400000
0.300000
0.200000
0.300000
0.400000
0.300000
0.400000
0.300000
0.400000
0.500000
0.400000
0.500000
0.400000
0.500000
0.400000
0.300000
0.400000
0.500000
0.400000
0.500000
0.400000
0.500000
0.400000
0.300000
0.200000
0.100000
0.200000
0.300000
0.200000
0.100000
0.200000
0.300000
0.400000
0.300000
0.200000
0.100000
0.200000
0.100000
0.200000
0.100000
0.200000
0.100000
0.200000
0.300000
0.200000
0.100000
0.200000
0.100000
0.200000
0.100000
0.000000
0.100000
0.000000
0.100000
0.200000
0.100000
0.200000
0.100000
0.000000
0.000000
0.100000
0.000000
0.000000
0.100000
0.000000
0.100000
0.200000
0.300000
0.400000
0.500000
0.400000
0.300000
0.400000
0.500000
0.400000
0.500000
0.600000
0.700000
0.600000
0.500000
0.600000
0.700000
0.600000
0.500000
0.600000
0.700000
0.600000
0.500000
0.600000
0.700000
0.600000
0.500000
0.400000
0.300000
0.400000
0.500000
0.600000
0.500000
0.400000
0.300000
0.200000
0.100000
0.000000
0.000000
0.000000
0.000000
0.000000
0.100000
0.000000
0.100000
0.200000
0.100000
0.000000
0.000000
0.000000
0.000000
0.100000
0.200000
0.300000
0.400000
0.500000
0.600000
0.700000
0.800000
0.900000
1.000000
1.000000
1.000000
1.000000
1.000000
0.900000
0.800000
0.700000
0.600000
0.500000
0.400000
0.300000
0.200000
0.100000
0.000000
0.000000
0.000000
0.000000
0.000000
0.000000
0.000000
0.000000
0.000000
0.000000
0.000000
0.000000
0.000000
0.000000
0.000000
0.000000
0.000000
0.000000
0.000000
0.000000
0.000000
0.000000
0.000000
0.000000
0.000000
0.000000
0.000000
