1.000000
1.000000
1.000000
1.000000
0.637738
0.637738
0.637738
0.637738
0.401720
0.252358
0.158121
0.098799
0.061538
0.038225
0.023672
0.014621
0.014621
0.014621
0.014621
0.014621
0.014621
0.014621
0.014621
0.014621
0.014621
0.014621
0.014621
0.014621
0.014621
0.014621
0.014621
0.014621
0.014621
0.014621
0.014621
0.014621
0.014621
0.008473
0.004898
0.002823
0.001623
0.000930
0.000532
0.000303
0.000172
0.000172
0.000172
0.000172
0.000172
0.000172
0.000172
0.000172
0.000172
0.000172
0.000172
0.000095
0.000052
0.000029
0.000016
0.000009
0.000005
0.000003
0.000001
0.000001
0.000000
0.000000
0.000000
0.000000
0.000000
0.000000
0.000000
0.000000
0.000000
0.000000
0.000000
0.000000
0.000000
0.000000
0.000000
0.000000
0.000000
0.000000
0.000000
0.000000
0.000000
0.000000
0.000000
0.000000
0.000000
0.000000
0.000000
0.000001
0.000001
0.000001
0.000001
0.000002
0.000002
0.000003
0.000003
0.000004
0.000006
0.000007
0.000010
0.000013
0.000016
0.000021
0.000028
0.000036
0.000047
0.000061
0.000079
0.000103
0.000134
0.000174
0.000227
0.000295
0.000383
0.000498
0.000647
0.000841
0.001094
0.001422
0.001849
0.002403
0.003124
0.004061
0.005280
0.006863
0.008922
0.011599
0.015079
0.019603
0.025483
0.033128
0.043067
0.055987
0.072783
0.094618
0.123003
0.159904
0.207876
0.270238
0.351310
0.456703
0.593714
0.771828
1.000000
1.000000
1.000000
1.000000
1.000000
1.000000
1.000000
1.000000
1.000000
1.000000
1.000000
1.000000
1.000000
1.000000
1.000000
1.000000
1.000000
1.000000
1.000000
1.000000
1.000000
1.000000
1.000000
1.000000
1.000000
1.000000
1.000000
1.000000
1.000000
1.000000
1.000000
1.000000
1.000000
1.000000
1.000000
1.000000
1.000000
1.000000
1.000000
1.000000
1.000000
1.000000
1.000000
1.000000
1.000000
1.000000
1.000000
1.000000
1.000000
1.000000
1.000000
1.000000
1.000000
1.000000
1.000000
1.000000
1.000000
1.000000
1.000000
1.000000
1.000000
1.000000
1.000000
1.000000
1.000000
1.000000
1.000000
1.000000
1.000000
1.000000
1.000000
1.000000
1.000000
1.000000
1.000000
1.000000
1.000000
1.000000
1.000000
1.000000
1.000000
1.000000
1.000000
1.000000
1.000000
1.000000
1.000000
1.000000
1.000000
1.000000
1.000000
1.000000
