26910.042969
26915.072266
26914.595703
26793.931641
26558.609375
26441.072266
26211.902344
26098.560547
25892.160156
25791.927734
25583.291016
25485.794922
25290.998047
25205.773438
25020.935547
24935.216797
24746.216797
24662.197266
24496.462891
24409.195312
24243.171875
24163.646484
24014.566406
23948.507812
23788.406250
23718.289062
23563.164062
23489.783203
23346.814453
23285.359375
23160.523438
23104.746094
22972.625000
22912.253906
22785.886719
22732.671875
22618.513672
22561.052734
22442.822266
22382.603516
22265.572266
22224.148438
22126.365234
22079.382812
21968.785156
21917.892578
21827.250000
21781.470703
21679.150391
21642.656250
21541.888672
21498.837891
21407.380859
21361.769531
21284.986328
21147.375000
21070.009766
21024.861328
20952.968750
20834.656250
20752.658203
20711.292969
20628.884766
20594.291016
20521.876953
20498.539062
20424.884766
20392.089844
20320.351562
20282.136719
20216.695312
20195.046875
20127.451172
20094.218750
20036.470703
19944.998047
19891.107422
19810.871094
19750.712891
19723.613281
19680.214844
19594.458984
19551.320312
19467.587891
19409.197266
19383.697266
19342.667969
19265.044922
19229.619141
19156.519531
19121.419922
19049.958984
19013.164062
18945.064453
18900.181641
18845.460938
18805.607422
18754.599609
18710.822266
18657.113281
18620.359375
18573.380859
18546.976562
18495.041016
18462.962891
18414.781250
18376.765625
18335.308594
18313.230469
18267.921875
18233.041016
18195.414062
18157.355469
18149.613281
18119.859375
18067.189453
18036.265625
17995.910156
17972.371094
17930.394531
17901.943359
17864.148438
17836.925781
17799.447266
17776.636719
17731.525391
17708.644531
17672.125000
17648.550781
17611.726562
17588.103516
17552.550781
17539.193359
17495.248047
17476.201172
17438.837891
17410.146484
17379.296875
17368.744141
17336.992188
17319.009766
17283.318359
17268.025391
17244.212891
17200.441406
17171.792969
17160.583984
17138.255859
17087.550781
17064.910156
17015.878906
16991.755859
16943.800781
16911.482422
16891.767578
16871.175781
16836.652344
16802.761719
16787.652344
16758.742188
16750.195312
16732.486328
16703.109375
16685.681641
16654.128906
16633.605469
16592.916016
16565.166016
16544.968750
16522.291016
16512.341797
16485.316406
16464.914062
16442.625000
16424.171875
16406.005859
16385.156250
16366.218750
16330.977539
16306.495117
16299.573242
16275.708984
16260.053711
16248.874023
16222.012695
16202.243164
16198.831055
16189.454102
16173.893555
16141.193359
16116.504883
16107.101562
16081.021484
16064.320312
16039.893555
16031.974609
16004.952148
15982.957031
15970.842773
15955.075195
15935.692383
15915.636719
15914.674805
15907.442383
15894.944336
15868.427734
15844.385742
15825.611328
15811.809570
15806.891602
15793.378906
15775.744141
15762.987305
15745.462891
15731.859375
15725.979492
15711.542969
15703.418945
15692.852539
15678.315430
15668.899414
15657.085938
15642.247070
15631.152344
15607.355469
15595.687500
15584.480469
15573.093750
15559.423828
15549.789062
15536.426758
15524.981445
15522.029297
15513.732422
15506.272461
15498.016602
15481.912109
15467.091797
15456.722656
15446.787109
15440.825195
15435.657227
15421.347656
15411.364258
15411.417969
15403.415039
15395.818359
15390.138672
15382.592773
15372.458008
15362.924805
15350.120117
15345.069336
15333.121094
15322.683594
15313.732422
15308.919922
15301.641602
15295.272461
15293.997070
15290.281250
15286.225586
15276.687500
15270.779297
15262.697266
15259.360352
15246.020508
15239.887695
15235.262695
15233.266602
15222.351562
15214.566406
15213.370117
15204.398438
15195.800781
15194.122070
15188.102539
15181.041016
15183.638672
15178.468750
15175.283203
15175.551758
15172.090820
15165.102539
15160.941406
15153.464844
15146.762695
15144.098633
15138.048828
15134.565430
15129.986328
15130.958984
15128.760742
15128.750000
15125.213867
15123.040039
15118.213867
15113.687500
15106.192383
15099.929688
15096.658203
15095.308594
15093.710938
15088.628906
15089.640625
15088.919922
15083.458008
15084.302734
15079.162109
15076.193359
15074.884766
15075.091797
15072.756836
15069.414062
15066.097656
15065.264648
15062.996094
15058.994141
15056.458984
15054.029297
15053.102539
15051.130859
15049.900391
15050.118164
15049.003906
15044.872070
15042.478516
15042.075195
15037.389648
15032.667969
15030.465820
15029.874023
15029.842773
15026.053711
15023.666992
15024.515625
15022.704102
15019.084961
15017.228516
15017.425781
15013.769531
15011.483398
15007.930664
15004.512695
15000.680664
14997.295898
14997.141602
14994.821289
14995.623047
14994.086914
14992.643555
14993.332031
14994.218750
14992.961914
14990.242188
14991.211914
14990.464844
14988.123047
14988.913086
14986.767578
14987.341797
14985.087891
14984.697266
14984.483398
14982.912109
14982.924805
14982.006836
14983.356445
14983.520508
14982.593750
14981.684570
14983.077148
14983.615234
14982.844727
14983.074219
14981.829102
14980.526367
14979.603516
14979.041016
14979.565430
14978.582031
14978.801758
14979.553711
14979.573242
14978.969727
14978.487305
14979.433594
14979.444336
14978.474609
14978.733398
14978.432617
14978.138672
14978.167969
14977.699219
14977.194336
14977.265625
14977.283203
14977.533203
14977.977539
14978.163086
14977.983398
14977.453125
14977.381836
14977.328125
14977.375977
14977.228516
14977.294922
14977.634766
14977.714844
14977.324219
14977.044922
14977.294922
14977.218750
14977.275391
14977.105469
14977.175781
14977.113281
14976.981445
14977.007812
14976.988281
14976.924805
14976.859375
