5386.900391
5393.052246
5398.668457
5403.759277
5408.334961
5412.406250
5415.981445
5419.072754
5421.690430
5424.707520
5427.260742
5430.204102
5432.693848
5435.564453
5437.993164
5440.793457
5443.159668
5445.890137
5448.196777
5450.859863
5453.107910
5455.703613
5457.894531
5460.425781
5462.562500
5465.031250
5467.112793
5469.518066
5471.546387
5473.203125
5475.177734
5477.461914
5479.384766
5480.955078
5482.829590
5484.997559
5486.821777
5488.311035
5490.088379
5491.538574
5493.270020
5495.275391
5496.960938
5498.332031
5499.972168
5501.873047
5503.468262
5504.764648
5506.315918
5508.118164
5509.626953
5510.852539
5512.320312
5514.026367
5515.453125
5516.610840
5517.999512
5519.614258
5520.963867
5522.056641
5523.368652
5524.895996
5526.171875
5527.202148
5528.441406
5529.886230
5531.091309
5532.062988
5533.233887
5534.599609
5535.735840
5536.650879
5537.754395
5539.042969
5540.113281
5540.974121
5542.015137
5543.229980
5544.240723
5545.049316
5546.029785
5547.174316
5548.125000
5549.236816
5550.157227
5550.892578
5551.784668
5552.831055
5553.697266
5554.386719
5555.227051
5556.211914
5557.025391
5557.980957
5558.768555
5559.394043
5560.157715
5561.054199
5561.792969
5562.662109
5563.375977
5563.941406
5564.634277
5565.449219
5566.118652
5566.908203
5567.555176
5568.064941
5568.691895
5569.430664
5570.036133
5570.751953
5571.335938
5572.028320
5572.593262
5573.034668
5573.579102
5574.225586
5574.751953
5575.375977
5575.883789
5576.486816
5576.975586
5577.558105
5578.030273
5578.395508
5578.849609
5579.392090
5579.830078
5580.352539
5580.773438
5581.276855
5581.683105
5582.168457
5582.557617
5583.024902
5583.399902
5583.849609
5584.208984
5584.642090
5584.988281
5585.404785
5585.735840
5586.136230
5586.455078
5586.694824
5587.000977
5587.369629
5587.662598
5588.017578
5588.297852
5588.638184
5588.905762
5589.231934
5589.488770
5589.801270
5590.046875
5590.345215
5590.579102
5590.865234
5591.088867
5591.362305
5591.575684
5591.835938
5592.038574
5592.288574
5592.481445
5592.719238
5592.902344
5593.128418
5593.302246
5593.518066
5593.683105
5593.888184
5594.043945
5594.238281
5594.385742
5594.570801
5594.709961
5594.885742
5595.017090
5595.183105
5595.307129
5595.463379
5595.580078
5595.728027
5595.837891
5595.977539
5596.080078
5596.211426
5596.307129
5596.429688
5596.519531
5596.635254
5596.718750
5596.826660
5596.903809
5597.004883
5597.076172
5597.169922
5597.234863
5597.322266
5597.429688
5597.510254
5597.609863
5597.684570
5597.776855
5597.845215
5597.930664
5597.993652
5598.071289
5598.128418
5598.201172
5598.252930
5598.318848
5598.365234
5598.425293
5598.467285
5598.521484
5598.588379
5598.636230
5598.696289
5598.739746
5598.793945
5598.832520
5598.880859
5598.914551
5598.957520
5599.009277
5599.046387
5599.092285
5599.124023
5599.164062
5599.191895
5599.226562
5599.250000
5599.279297
5599.314941
5599.339844
5599.370117
5599.390137
5599.415527
5599.440918
5599.463867
5599.482910
5599.500977
5599.516602
5599.530273
5599.541504
5599.550781
5599.557617
5599.562500
5599.565918
5599.566895
5599.566406
5599.563965
5599.559570
5599.553711
5599.545898
5599.536133
5599.525391
5599.513184
5599.499512
5599.484375
5599.468262
5599.450195
5599.431641
5599.411133
5599.390137
5599.367676
5599.343750
5599.319336
5599.293457
5599.266602
5599.238770
5599.210449
5599.180664
5599.150879
5599.119629
5599.087402
5599.054688
5599.021484
5598.987305
5598.952637
5598.916992
5598.880859
5598.844238
5598.807129
5598.769531
5598.729980
5598.691406
5598.652344
5598.613281
5598.573242
5598.533203
5598.492676
5598.451660
5598.410645
5598.369141
5598.327148
5598.285156
5598.242676
5598.200195
5598.157227
5598.114258
5598.071777
5598.028809
5597.985352
5597.942383
5597.898926
5597.854980
5597.811523
5597.767578
5597.723145
5597.679688
5597.635742
5597.591797
5597.547852
5597.503906
5597.459473
5597.415527
5597.371582
5597.327148
5597.283203
5597.239258
5597.194824
5597.150391
5597.093750
