0.200000
0.300000
0.400000
0.500000
0.600000
0.700000
0.800000
0.900000
1.000000
1.100000
1.200000
1.300000
1.400000
1.500000
1.600000
1.700000
1.800000
1.900000
2.000000
2.100000
2.200000
2.300000
2.400000
2.500000
2.600000
2.700000
2.799999
2.899999
2.999999
3.099999
3.199999
3.299999
3.399999
3.499999
3.599999
3.699999
3.799999
3.899998
3.999998
4.099998
4.199998
4.299998
4.399998
4.499998
4.599998
4.699998
4.799998
4.899998
4.999998
5.099998
5.199997
5.299997
5.399997
5.499997
5.599997
5.699997
5.799997
5.899997
5.999997
6.099997
6.199996
6.299996
6.399996
6.499996
6.599996
6.699996
6.799996
6.899996
6.999996
7.099996
7.199996
7.299995
7.399995
7.499995
7.599995
7.699995
7.799995
7.899995
7.999995
8.099995
8.199995
8.299995
8.399996
8.499996
8.599997
8.699997
8.799997
8.899998
8.999998
9.099998
9.199999
9.299999
9.400000
9.500000
9.600000
9.700001
9.800001
9.900002
10.000002
10.100002
10.200003
10.300003
10.400003
10.500004
10.600004
10.700005
10.800005
10.900005
11.000006
11.100006
11.200006
11.300007
11.400007
11.500008
11.600008
11.700008
11.800009
11.900009
12.000010
12.100010
12.200010
12.300011
12.400011
12.500011
12.600012
12.700012
12.800013
12.900013
13.000013
13.100014
13.200014
13.300014
13.400015
13.500015
13.600016
13.700016
13.800016
13.900017
14.000017
14.100018
14.200018
14.300018
14.400019
14.500019
14.600019
14.700020
14.800020
14.900021
15.000021
15.100021
15.200022
15.300022
15.400023
15.500023
15.600023
15.700024
15.800024
15.900024
16.000025
16.100025
16.200026
16.300026
16.400026
16.500027
16.600027
16.700027
16.800028
16.900028
17.000029
17.100029
17.200029
17.300030
17.400030
17.500031
17.600031
17.700031
17.800032
17.900032
18.000032
18.100033
18.200033
18.300034
18.400034
18.500034
18.600035
18.700035
18.800035
18.900036
19.000036
19.100037
19.200037
19.300037
19.400038
19.500038
19.600039
19.700039
19.800039
19.900040
20.000040
20.100040
20.200041
20.300041
20.400042
20.500042
20.600042
20.700043
20.800043
20.900043
21.000044
21.100044
21.200045
21.300045
21.400045
21.500046
21.600046
21.700047
21.800047
21.900047
22.000048
22.100048
22.200048
22.300049
22.400049
22.500050
22.600050
22.700050
22.800051
22.900051
23.000051
23.100052
23.200052
23.300053
23.400053
23.500053
23.600054
23.700054
23.800055
23.900055
24.000055
24.100056
24.200056
24.300056
24.400057
24.500057
24.600058
24.700058
24.800058
24.900059
25.000059
25.100060
25.200060
25.300060
25.400061
25.500061
25.600061
25.700062
25.800062
25.900063
26.000063
26.100063
26.200064
26.300064
26.400064
26.500065
26.600065
26.700066
26.800066
26.900066
27.000067
27.100067
27.200068
27.300068
27.400068
27.500069
27.600069
27.700069
27.800070
27.900070
28.000071
28.100071
28.200071
28.300072
28.400072
28.500072
28.600073
28.700073
28.800074
28.900074
29.000074
29.100075
29.200075
29.300076
29.400076
29.500076
29.600077
29.700077
29.800077
29.900078
30.000078
30.100079
30.200079
30.300079
30.400080
30.500080
30.600080
30.700081
30.800081
30.900082
31.000082
31.100082
31.200083
31.300083
31.400084
31.500084
31.600084
31.700085
31.800085
31.900085
32.000084
32.100082
32.200081
32.300079
32.400078
32.500076
32.600075
32.700073
32.800072
32.900070
33.000069
33.100067
33.200066
33.300064
33.400063
33.500061
33.600060
33.700058
33.800056
33.900055
34.000053
34.100052
34.200050
34.300049
34.400047
34.500046
34.600044
34.700043
34.800041
34.900040
35.000038
35.100037
35.200035
35.300034
35.400032
35.500031
35.600029
35.700027
35.800026
35.900024
36.000023
36.100021
36.200020
36.300018
36.400017
36.500015
36.600014
36.700012
36.800011
36.900009
37.000008
37.100006
37.200005
37.300003
37.400002
37.500000
37.599998
37.699997
37.799995
37.899994
37.999992
38.099991
38.199989
38.299988
38.399986
38.499985
38.599983
38.699982
38.799980
38.899979
38.999977
39.099976
39.199974
39.299973
39.399971
39.499969
39.599968
39.699966
39.799965
39.899963
39.999962
40.099960
40.199959
40.299957
40.399956
40.499954
40.599953
40.699951
40.799950
40.899948
40.999947
41.099945
41.199944
41.299942
41.399940
41.499939
41.599937
41.699936
41.799934
41.899933
41.999931
42.099930
42.199928
42.299927
