290.944824
288.803680
286.726105
285.096466
282.917419
281.271912
279.156433
277.298523
275.366150
273.708435
272.144714
270.461365
268.557068
266.924988
265.114685
263.533875
261.840759
259.916931
258.318115
256.721436
255.293213
253.579346
252.080322
250.376221
248.645264
246.753159
244.870834
243.083725
241.303940
239.436264
237.773666
236.164780
234.648666
232.890854
231.189178
229.660858
228.037323
226.694550
225.378632
223.620285
222.238983
220.744843
219.319061
217.817596
216.091522
214.450882
212.824905
211.228226
209.790237
208.364456
207.221878
205.837601
204.236038
203.083694
201.589554
200.439651
198.947937
197.351257
195.835144
194.743835
193.195984
191.682312
190.424988
188.842957
187.351257
186.277039
185.185730
183.645187
182.448898
181.257492
180.197922
178.921066
177.426926
176.230637
175.107590
173.676926
172.397629
171.194016
170.229660
168.711105
167.189301
166.168793
165.023788
163.800644
162.623886
161.613159
160.245972
159.291382
158.131714
157.174698
155.870987
154.425674
153.263580
152.321198
151.085846
149.765060
148.793381
147.853439
146.964767
145.770935
144.894470
143.969177
142.760681
141.588821
140.192337
138.808060
137.736298
136.740204
135.299774
134.325653
132.943832
131.774399
130.551254
129.701660
128.427246
127.531250
126.312996
125.331551
124.308609
123.097672
122.123558
121.105492
120.050812
119.115753
118.126991
116.789108
115.568405
114.428276
113.097710
112.245667
110.993233
109.748116
108.837479
107.939041
107.040604
106.122643
105.170494
104.110931
102.919533
101.879494
100.932236
99.877548
98.632439
97.431267
96.396118
95.033813
94.213509
93.080696
91.874649
90.829735
90.019188
88.857086
87.836578
86.982094
86.181313
85.229164
84.159836
83.105148
82.138359
80.986023
79.643250
78.661812
77.812202
76.733109
75.854202
74.530968
73.373741
72.226288
70.956764
69.999733
69.008522
67.709702
66.469475
65.258537
64.394287
63.144291
62.187263
61.445080
60.502697
59.428486
58.324974
57.470486
56.166779
54.985142
53.857216
52.846478
51.572067
50.414848
49.257626
48.466614
47.753723
46.694157
45.771309
44.770336
43.476398
42.372887
41.137539
39.941254
38.691257
37.851418
36.845562
35.800644
35.048695
34.160027
33.447140
32.236206
31.015507
29.975471
28.730360
27.919815
27.001850
25.859276
25.107327
24.121002
23.188389
22.455969
21.357340
20.629805
19.785080
18.784107
17.709894
16.806576
15.712831
14.492132
13.515574
12.788037
11.586870
10.458944
9.194301
8.198211
7.040989
5.844704
5.058575
4.023422
2.871083
1.713861
0.664060
-0.429686
